   35.3046   35.4054   35.5052   35.6042   35.7023   35.7994   35.8957   35.9911   36.0856
   36.1793   36.2720   36.3639   36.4549   36.5451   36.6344   36.7229   36.8105   36.8972
   36.9832   37.0682   37.1525   37.2359   37.3185   37.4003   37.4812   37.5613   37.6407
   37.7192   37.7969   37.8738   37.9500   38.0253   38.0999   38.1736   38.2466   38.3188
   38.3903   38.4610   38.5309   38.6001   38.6685   38.7361   38.8031   38.8692   38.9347
   38.9994   39.0633   39.1266   39.1891   39.2509   39.3120   39.3724   39.4321   39.4910
   39.5493   39.6069   39.6638   39.7200   39.7755   39.8303   39.8845   39.9380   39.9909
   40.0430   40.0945   40.1454   40.1956   40.2452   40.2941   40.3424   40.3900   40.4370
   40.4834   40.5292   40.5743   40.6189   40.6628   40.7061   40.7488   40.7910   40.8325
   40.8734   40.9138   40.9535   40.9927   41.0313   41.0694   41.1069   41.1438   41.1801
   41.2159   41.2512   41.2859   41.3200   41.3537   41.3867   41.4193   41.4513   41.4828
   41.5138   41.5443   41.5743   41.6037   41.6327   41.6611   41.6891   41.7166   41.7435
   41.7700   41.7961   41.8216   41.8467   41.8713   41.8954   41.9191   41.9424   41.9652
   41.9875   42.0094   42.0308   42.0519   42.0724   42.0926   42.1123   42.1317   42.1506
   42.1691   42.1871   42.2048   42.2221   42.2390   42.2555   42.2716   42.2873   42.3027
   42.3177   42.3323   42.3465   42.3604   42.3739   42.3870   42.3998   42.4123   42.4244
   42.4362   42.4476   42.4588   42.4695   42.4800   42.4901   42.5000   42.5095   42.5187
   42.5276   42.5362   42.5445   42.5525   42.5603   42.5677   42.5749   42.5818   42.5884
   42.5947   42.6008   42.6067   42.6122   42.6176   42.6226   42.6275   42.6321   42.6364
   42.6405   42.6444   42.6481   42.6516   42.6548   42.6578   42.6607   42.6633   42.6657
   42.6679   42.6700   42.6718   42.6735   42.6749   42.6762   42.6774   42.6783   42.6791
   42.6798   42.6803   42.6806   42.6808   42.6808   42.6807   42.6805   42.6801   42.6796
   42.6790   42.6783   42.6774   42.6765   42.6754   42.6742   42.6729   42.6716   42.6701
   42.6685   42.6669   42.6652   42.6634   42.6615   42.6596   42.6576   42.6555   42.6534
   42.6513   42.6490   42.6468   42.6445   42.6422   42.6398   42.6374   42.6350   42.6325
   42.6301   42.6276   42.6251   42.6227   42.6202   42.6177   42.6152   42.6128   42.6103
   42.6079   42.6055   42.6032   42.6008   42.5985   42.5963   42.5940   42.5919   42.5897
   42.5877   42.5857   42.5837   42.5819   42.5801   42.5783   42.5767   42.5751   42.5736
   42.5723   42.5710   42.5698   42.5687   42.5677   42.5668   42.5661   42.5655   42.5649
   42.5646   42.5643   42.5642   42.5642   42.5644   42.5647   42.5652   42.5658   42.5666
   42.5675   42.5686   42.5699   42.5714   42.5730   42.5748   42.5768   42.5790   42.5814
   42.5840   42.5868   42.5898   42.5930   42.5964   42.6001   42.6040   42.6081   42.6124
   42.6169   42.6217   42.6268   42.6321   42.6376   42.6434   42.6495   42.6558   42.6624
   42.6693   42.6764   42.6838   42.6915   42.6995   42.7077   42.7163   42.7251   42.7343
   42.7437   42.7534   42.7634   42.7737   42.7843   42.7952   42.8063   42.8178   42.8296
   42.8416   42.8540   42.8666   42.8796   42.8928   42.9063   42.9202   42.9343   42.9487
   42.9634   42.9785   42.9938   43.0094   43.0254   43.0416   43.0581   43.0750   43.0921
   43.1096   43.1273   43.1454   43.1637   43.1824   43.2014   43.2207   43.2403   43.2602
   43.2804   43.3009   43.3217   43.3429   43.3643   43.3861   43.4081   43.4305   43.4532
   43.4762   43.4996   43.5232   43.5472   43.5715   43.5961   43.6210   43.6462   43.6717
   43.6976   43.7238   43.7503   43.7771   43.8043   43.8317   43.8595   43.8876   43.9161
   43.9448   43.9739   44.0033   44.0331   44.0631   44.0935   44.1242   44.1553   44.1867
   44.2184   44.2504   44.2827   44.3154   44.3485   44.3818   44.4155   44.4495   44.4838
   44.5185   44.5535   44.5889   44.6246   44.6606   44.6970   44.7337   44.7707   44.8081
   44.8458   44.8838   44.9222   44.9609   45.0000   45.0394   45.0791   45.1192   45.1596
   45.2003   45.2412   45.2825   45.3240   45.3658   45.4078   45.4501   45.4926   45.5353
   45.5783   45.6215   45.6648   45.7083   45.7521   45.7959   45.8400   45.8841   45.9285
   45.9729   46.0175   46.0621   46.1069   46.1517   46.1966   46.2416   46.2867   46.3318
   46.3769   46.4221   46.4673   46.5124   46.5576   46.6028   46.6480   46.6931   46.7382
   46.7832   46.8282   46.8731   46.9179   46.9627   47.0073   47.0518   47.0962   47.1405
   47.1847   47.2287   47.2725   47.3162   47.3597   47.4030   47.4461   47.4890   47.5317
   47.5742   47.6164   47.6584   47.7001   47.7416   47.7828   47.8237   47.8643   47.9046
   47.9446   47.9842   48.0236   48.0626   48.1012   48.1395   48.1774   48.2149   48.2520
   48.2888   48.3251   48.3610   48.3964   48.4314   48.4660   48.5001   48.5338   48.5669
   48.5996   48.6317   48.6634   48.6945   48.7252   48.7552   48.7847   48.8137   48.8421
   48.8699   48.8972   48.9238   48.9498   48.9752   49.0000   49.0241   49.0477   49.0705
   49.0928   49.1145   49.1355   49.1559   49.1757   49.1949   49.2135   49.2316   49.2490
   49.2659   49.2821   49.2978   49.3130   49.3275   49.3415   49.3550   49.3679   49.3802
   49.3920   49.4033   49.4140   49.4242   49.4338   49.4430   49.4516   49.4597   49.4673
   49.4744   49.4810   49.4871   49.4928   49.4979   49.5025   49.5067   49.5104   49.5136
   49.5164   49.5187   49.5206   49.5220   49.5229   49.5234   49.5235   49.5231   49.5224
   49.5211   49.5195   49.5175   49.5150   49.5121   49.5089   49.5052   49.5011   49.4967
   49.4918   49.4866   49.4810   49.4751   49.4688   49.4621   49.4550   49.4476   49.4399
   49.3441   49.3328   49.3212   49.3093   49.2971   49.2847   49.2719   49.2589   49.2456
   49.2321   49.2183   49.2042   49.1899   49.1753   49.1605   49.1454   49.1302   49.1147
   49.0989   49.0830   49.0668   49.0504   49.0338   49.0170   49.0000   48.9828   48.9654
   48.9479   48.9302   48.9123   48.8943   48.8761   48.8579   48.8395   48.8210   48.8024
   48.7837   48.7650   48.7462   48.7273   48.7084   48.6895   48.6706   48.6516   48.6326
   48.4450   48.4267   48.4084   48.3904   48.3724   48.3546   48.3370   48.3195   48.3022
   48.2851   48.2682   48.2515   48.2350   48.2188   48.2028   48.1870   48.1715   48.1563
   48.1413   48.1267   48.1123   48.0982   48.0845   48.0711   48.0581   48.0454   48.0330
   48.0210   48.0094   47.9982   47.9874   47.9770   47.9671   47.9575   47.9484   47.9398
   47.9316   47.9239   47.9166   47.9099   47.9037   47.8979   47.8927   47.8881   47.8839
   47.8804   47.8773   47.8749   47.8730   47.8718   47.8711   47.8711   47.8716   47.8728
   47.8747   47.8772   47.8804   47.8842   47.8887   47.8939   47.8999   47.9065   47.9139
   47.9219   47.9308   47.9404   47.9507   47.9619   47.9738   47.9865   48.0000   48.0143
   48.0295   48.0454   48.0620   48.0795   48.0977   48.1166   48.1362   48.1565   48.1775
   48.1991   48.2215   48.2444   48.2680   48.2922   48.3169   48.3423   48.3682   48.3947
   48.4216   48.4492   48.4772   48.5057   48.5347   48.5641   48.5940   48.6243   48.6551
   48.6862   48.7177   48.7496   48.7818   48.8144   48.8473   48.8806   48.9141   48.9479
   48.9820   49.0163   49.0509   49.0856   49.1206   49.1558   49.1912   49.2267   49.2624
   49.2982   49.3341   49.3702   49.4063   49.4425   49.4788   49.5151   49.5514   49.5878
   49.6241   49.6605   49.6968   49.7330   49.7693   49.8054   49.8414   49.8774   49.9132
   49.9489   49.9845   50.0198   50.0551   50.0901   50.1249   50.1595   50.1938   50.2279
   50.2618   50.2953   50.3286   50.3616   50.3942   50.4265   50.4584   50.4900   50.5212
   50.5520   50.5823   50.6123   50.6418   50.6708   50.6994   50.7275   50.7551   50.7821
   50.8087   50.8346   50.8601   50.8849   50.9092   50.9328   50.9559   50.9783   51.0000
   51.0211   51.0415   51.0613   51.0805   51.0992   51.1172   51.1347   51.1517   51.1681
   51.1841   51.1996   51.2146   51.2292   51.2434   51.2572   51.2706   51.2836   51.2963
   51.3087   51.3208   51.3326   51.3441   51.3554   51.3665   51.3773   51.3880   51.3985
   51.4088   51.4191   51.4292   51.4392   51.4491   51.4590   51.4689   51.4787   51.4886
   51.4984   51.5083   51.5183   51.5284   51.5385   51.5488   51.5592   51.5698   51.5805
   51.5914   51.6026   51.6139   51.6256   51.6375   51.6497   51.6622   51.6750   51.6882
   51.7017   51.7156   51.7300   51.7447   51.7599   51.7756   51.7917   51.8084   51.8255
   51.8432   51.8615   51.8803   51.8997   51.9198   51.9404   51.9618   51.9838   52.0065
   52.0299   52.0540   52.0789   52.1045   52.1310   52.1582   52.1863   52.2152   52.2450
   52.2756   52.3072   52.3396   52.3731   52.4074   52.4428   52.4791   52.5165   52.5549
   52.5943   52.6349   52.6765   52.7192   52.7631   52.8081   52.8543   52.9016   52.9502
   53.0000   53.0510   53.1033   53.1567   53.2113   53.2671   53.3239   53.3819   53.4409
   53.5009   53.5619   53.6239   53.6868   53.7506   53.8154   53.8809   53.9474   54.0146
   54.0826   54.1514   54.2209   54.2911   54.3619   54.4334   54.5056   54.5783   54.6515
   54.7253   54.7997   54.8744   54.9497   55.0253   55.1014   55.1778   55.2546   55.3317
   55.4091   55.4867   55.5646   55.6426   55.7209   55.7993   55.8778   55.9564   56.0351
   56.1139   56.1926   56.2713   56.3500   56.4287   56.5072   56.5856   56.6638   56.7419
   56.8198   56.8974   56.9748   57.0519   57.1287   57.2051   57.2812   57.3568   57.4321
   57.5069   57.5812   57.6550   57.7283   57.8010   57.8731   57.9446   58.0155   58.0857
   58.1552   58.2240   58.2920   58.3592   58.4257   58.4913   58.5560   58.6199   58.6828
   58.7448   58.8058   58.8658   58.9248   58.9828   59.0396   59.0954   59.1500   59.2034
   59.2557   59.3068   59.3566   59.4051   59.4523   59.4982   59.5428   59.5860   59.6277
   59.6680   59.7069   59.7443   59.7802   59.8146   59.8476   59.8792   59.9094   59.9382